相机相关参数：
1.内外参数矩阵:
大小：[3 x 3]
[1443.196002090114, 0, 330.3942343190181;
 0, 1447.589830001175, 171.2417231601857;
 0, 0, 1]
2.畸变系数：
大小：[5 x 1]
[0.01381350018579479, 2.513003901435819, -0.02637463728198281, -0.009642202679666137, -277.7846785343316]

图像相关参数：
第1幅图像的旋转向量：
[0.2106854334140755;
 2.420446453050909;
 0.6109606015438979]
第1幅图像的旋转矩阵：
[-0.7915073585831089, 0.00167384226016179, 0.6111573443564904;
 0.2915253116286094, 0.8799321127988674, 0.3751432653602655;
 -0.5371490426209766, 0.4750964903231853, -0.696960709720397]
第1幅图像的平移向量：
[19.54113691665923;
 -17.28634056025479;
 297.0943132808168]
第2幅图像的旋转向量：
[0.1694498068088367;
 3.028987000851005;
 -0.8300864273056719]
第2幅图像的旋转矩阵：
[-0.994188336232589, 0.1028052704717091, -0.03194727628946503;
 0.1047291539833454, 0.8548894710201942, -0.5081297045486959;
 -0.02492702158320155, -0.5085224367734928, -0.8606878498578562]
第2幅图像的平移向量：
[31.34541807956577;
 3.174447150952175;
 288.2951488059716]
第3幅图像的旋转向量：
[-0.3104550766419794;
 -2.206110351120994;
 -0.2954429081576709]
第3幅图像的旋转矩阵：
[-0.595079516682706, 0.3230187687903667, -0.7358935003340041;
 0.1180070080111203, 0.9408651464446584, 0.3175643592501144;
 0.7949557942960983, 0.1021354552289652, -0.5980080550462774]
第3幅图像的平移向量：
[19.30126219435598;
 -3.557683518947846;
 258.9477083747187]
第4幅图像的旋转向量：
[-0.2741315744578436;
 -2.56725539848548;
 -0.5800586407599918]
第4幅图像的旋转矩阵：
[-0.8596125150667465, 0.2931275432018896, -0.4185003791599797;
 0.08472172292990993, 0.8895023977634703, 0.4490074765934585;
 0.5038735492208437, 0.3505163730690221, -0.7894616637976337]
第4幅图像的平移向量：
[22.34049740084168;
 7.370881419307882;
 265.1745468057184]
第5幅图像的旋转向量：
[-0.3255579164217757;
 -2.76164080857873;
 -0.8918236538756247]
第5幅图像的旋转矩阵：
[-0.9510553930238307, 0.2753191762527262, -0.1403317162576126;
 0.141242513467129, 0.7911948219789198, 0.5950305085146759;
 0.2748530367119394, 0.5460861698132138, -0.7913568748352157]
第5幅图像的平移向量：
[31.91676941354929;
 -9.984024748006483;
 282.6866567522457]
第6幅图像的旋转向量：
[-0.3091837981186529;
 -2.744528936933866;
 -1.047119298971255]
第6幅图像的旋转矩阵：
[-0.9606834616216889, 0.2590226153500353, -0.09997285283413934;
 0.1266037263054014, 0.7291381236242174, 0.6725541563051576;
 0.2471007548595428, 0.6334547193091098, -0.7332641649043414]
第6幅图像的平移向量：
[23.21272645633971;
 -11.75011598434604;
 289.6502900791012]
第7幅图像的旋转向量：
[0.06538525712611465;
 2.932389410123045;
 0.7656802906843494]
第7幅图像的旋转矩阵：
[-0.9930084330258682, 0.01382907220394979, 0.1172305792081905;
 0.06937665573657407, 0.8718636932553332, 0.4848098390317376;
 -0.09550461548175966, 0.489553324107955, -0.8667274146330741]
第7幅图像的平移向量：
[28.44948693386016;
 12.63827999343911;
 279.786260855508]
第8幅图像的旋转向量：
[-0.0528336891273273;
 -2.730767222309955;
 1.186342710707415]
第8幅图像的旋转矩阵：
[-0.9859904881300569, -0.03263958355041035, -0.1635769387863339;
 0.09728661682280476, 0.6840605720660771, -0.7229083260910777;
 0.1354919610317342, -0.7286945802805774, -0.6713018227038328]
第8幅图像的平移向量：
[32.52059358731145;
 -15.48738889831274;
 285.3756606910221]
第9幅图像的旋转向量：
[-2.058215019498526;
 -2.157481172018489;
 -0.07512778915350926]
第9幅图像的旋转矩阵：
[-0.04107500270300291, 0.99595691304484, -0.07989162353552193;
 0.9879872690696867, 0.05240790038029775, 0.14537733019268;
 0.1489765092528719, -0.07296053272778413, -0.9861454052800261]
第9幅图像的平移向量：
[-15.91024937558321;
 -12.72231443200636;
 292.1136455588133]
第10幅图像的旋转向量：
[-1.919654547300683;
 -1.949131989820925;
 0.2742961998576668]
第10幅图像的旋转矩阵：
[0.01386688748933684, 0.914231093789203, -0.4049558205290495;
 0.9904864334336539, 0.04289379841990038, 0.1307545304798;
 0.1369099507531796, -0.4029164047369015, -0.9049386919447369]
第10幅图像的平移向量：
[-25.3956430983705;
 -10.37103111852807;
 289.8842613739451]
第11幅图像的旋转向量：
[-0.1038793328896168;
 -3.046684379557216;
 -0.4047626296147447]
第11幅图像的旋转矩阵：
[-0.9955177938848245, 0.07558993951881041, -0.05683733897918322;
 0.05812773927008478, 0.9631102759267269, 0.2627541861354326;
 0.07460219826547365, 0.258272641694561, -0.9631872894541704]
第11幅图像的平移向量：
[25.12120401540799;
 -3.709412295137524;
 280.1047024937731]
第12幅图像的旋转向量：
[-0.4533765266821174;
 -2.802519811105335;
 -0.4713944012853427]
第12幅图像的旋转矩阵：
[-0.9166345198231557, 0.3442380900446095, -0.2031779870729409;
 0.2588253063449166, 0.8984854195571231, 0.3545890743363647;
 0.3046155246602393, 0.2724409811421534, -0.9126802802352354]
第12幅图像的平移向量：
[11.00900311951056;
 -16.72919282660547;
 274.0939768564263]
第13幅图像的旋转向量：
[-0.4927116286127141;
 -2.888020707362821;
 -0.4010854212741226]
第13幅图像的旋转矩阵：
[-0.9279710273408115, 0.347583378992454, -0.1343710052958862;
 0.2978127599050149, 0.9084641374940567, 0.2932583688915582;
 0.2240029742074799, 0.2321178699182107, -0.9465431643674977]
第13幅图像的平移向量：
[11.29018330860912;
 -11.60797387213012;
 278.7809824840141]
第14幅图像的旋转向量：
[-2.706906969849707;
 -0.8048853418529781;
 0.3064203127178272]
第14幅图像的旋转矩阵：
[0.8202863075993093, 0.4959072318006211, -0.2849673507841506;
 0.5598654713573755, -0.7980819795700793, 0.2227460613956786;
 -0.1169659247254339, -0.3422589244027812, -0.9322970562646734]
第14幅图像的平移向量：
[-29.06863989012092;
 9.679441113014375;
 307.6200356555533]
每幅图像的标定误差：
第1幅图像的平均误差：0.0808151像素
第2幅图像的平均误差：0.0841786像素
第3幅图像的平均误差：0.0820035像素
第4幅图像的平均误差：0.0809196像素
第5幅图像的平均误差：0.0768952像素
第6幅图像的平均误差：0.071068像素
第7幅图像的平均误差：0.0841693像素
第8幅图像的平均误差：0.0992664像素
第9幅图像的平均误差：0.0962561像素
第10幅图像的平均误差：0.088663像素
第11幅图像的平均误差：0.095534像素
第12幅图像的平均误差：0.0746402像素
第13幅图像的平均误差：0.108428像素
第14幅图像的平均误差：0.0991778像素
总体平均误差：0.0872868像素
