相机相关参数：
1.内外参数矩阵:
大小：[3 x 3]
[1035.970759599009, 0, 719.4123029188876;
 0, 1035.895308988137, 531.8452506937667;
 0, 0, 1]
2.畸变系数：
大小：[5 x 1]
[0.2114952724043647, -1.187030812713823, -0.002495910117138955, 0.0002579781386609218, 1.864914861189241]

图像相关参数：
第1幅图像的旋转向量：
[2.326849895626978;
 1.94798038548943;
 0.4990800577243049]
第1幅图像的旋转矩阵：
[0.1458440127845175, 0.9466992767739972, 0.2872107297621385;
 0.9681751237059304, -0.1962660774466248, 0.1552950632850958;
 0.2033874474295699, 0.2554214286220051, -0.9451949217112722]
第1幅图像的平移向量：
[-61.09217647135328;
 -50.96425822446949;
 186.0500603892432]
第2幅图像的旋转向量：
[-2.284630878667366;
 -2.013337002314767;
 -0.3848698882344924]
第2幅图像的旋转矩阵：
[0.1092041753317466, 0.9842382745227213, 0.1391023617867403;
 0.9661484827928487, -0.1380031767748985, 0.2179730084141442;
 0.2337339455175253, 0.1105899731647145, -0.9659908387496428]
第2幅图像的平移向量：
[-48.57414697514722;
 -38.88641272994948;
 181.5261668092109]
第3幅图像的旋转向量：
[-2.035335774801371;
 -2.277053462012962;
 -0.4111564244145552]
第3幅图像的旋转矩阵：
[-0.1265521465984379, 0.9831620076258655, 0.1318219289511625;
 0.9671784564554714, 0.09277759433809452, 0.2365547534023527;
 0.2203415248194025, 0.1574318416011001, -0.9626343167009718]
第3幅图像的平移向量：
[-28.94581433786155;
 -38.52628588850131;
 190.1213513043509]
第4幅图像的旋转向量：
[-2.198667972368125;
 -2.156756724432781;
 -0.04991500756185093]
第4幅图像的旋转矩阵：
[0.01989728002597158, 0.999606361815393, -0.01977927364091289;
 0.997621073808111, -0.01854399805498963, 0.06639512956601695;
 0.06600220709582162, -0.02105330269412767, -0.9975973471817924]
第4幅图像的平移向量：
[-13.48923828001674;
 -41.60707003531474;
 169.3004954989166]
第5幅图像的旋转向量：
[-2.561756480696137;
 -1.834521519770228;
 -0.05066160416213378]
第5幅图像的旋转矩阵：
[0.3217034744497046, 0.9463068901228523, 0.03178276628936454;
 0.9466187006673971, -0.3221733434511105, 0.01083385048364524;
 0.02049170743880411, 0.02660087358619653, -0.9994360827239998]
第5幅图像的平移向量：
[-61.9675951594961;
 -43.35237271824271;
 229.8011360947296]
第6幅图像的旋转向量：
[2.319434920504876;
 1.953057344836821;
 0.003034754395877967]
第6幅图像的旋转矩阵：
[0.1727321799793784, 0.9823448519482737, 0.07184835314950209;
 0.9825633906381542, -0.1667564722339996, -0.08222811165121707;
 -0.06879518425896743, 0.08479900246344474, -0.9940202974808811]
第6幅图像的平移向量：
[-39.98197457418944;
 -42.96461395684729;
 197.4546871377564]
第7幅图像的旋转向量：
[2.096672724493436;
 1.929967043977333;
 -0.2895350362393846]
第7幅图像的旋转矩阵：
[0.08932068201370058, 0.9952293641321515, 0.03924701942467562;
 0.9399011684894387, -0.07118592279938296, -0.333943644747715;
 -0.3295566859233706, 0.0667163935199872, -0.9417756174370258]
第7幅图像的平移向量：
[-44.31881280897297;
 -44.30392116237402;
 173.7790102913508]
第8幅图像的旋转向量：
[1.352088611665934;
 2.580340596001398;
 -0.04234271585521223]
第8幅图像的旋转矩阵：
[-0.5489112340760101, 0.8146923564416766, 0.1870102175301123;
 0.808117789138022, 0.5744098647862151, -0.1303800065767639;
 -0.2136401085560176, 0.07955923322776519, -0.9736674136605287]
第8幅图像的平移向量：
[-0.9704223698098966;
 -54.09705786384042;
 147.8042531323295]
第9幅图像的旋转向量：
[1.415280479710081;
 2.576406628982615;
 0.1199389837397605]
第9幅图像的旋转矩阵：
[-0.5218959730679138, 0.8261215414859051, 0.2124800978643586;
 0.8422889150758592, 0.5384604709174463, -0.02469220119176987;
 -0.1348108928678525, 0.1660828707372155, -0.9768533683270267]
第9幅图像的平移向量：
[-3.484901292031372;
 -46.82130778153173;
 134.1058441176202]
第10幅图像的旋转向量：
[2.134375662009126;
 1.857525879202256;
 -0.3113318988435521]
第10幅图像的旋转矩阵：
[0.1433442826509482, 0.9892398706348401, 0.02927276853408128;
 0.9256352729579024, -0.1235435292413036, -0.3576818947595093;
 -0.3502167301649572, 0.07836756171381173, -0.9333845762511814]
第10幅图像的平移向量：
[-35.59505347978723;
 -32.13359007182802;
 153.1635163924244]
第11幅图像的旋转向量：
[-2.433343482421424;
 -1.864151561353247;
 -0.05749045651222492]
第11幅图像的旋转矩阵：
[0.2609454006184996, 0.9652163156959535, -0.01627764756902051;
 0.9623789619142253, -0.2587816649794482, 0.08281777306450239;
 0.07572470905160272, -0.03727618254052809, -0.9964317611629285]
第11幅图像的平移向量：
[-7.673985958373207;
 -9.521946926608424;
 159.8304875943969]
第12幅图像的旋转向量：
[1.70368996042898;
 2.493424225529305;
 0.2968524828272516]
第12幅图像的旋转矩阵：
[-0.3656192375719652, 0.9095882020338798, 0.1974129576245413;
 0.9305124802773815, 0.3522686373932565, 0.1002663012040152;
 0.02165865105057779, 0.2203545094384786, -0.9751793645298268]
第12幅图像的平移向量：
[-37.04117964992471;
 -29.91746991739378;
 138.3698077242868]
第13幅图像的旋转向量：
[-1.709079474513994;
 -1.874954527664216;
 -0.7678095179384641]
第13幅图像的旋转矩阵：
[-0.09951497417173616, 0.9948733463887396, 0.01799429245261003;
 0.7217399350807672, 0.05972154332416535, 0.6895830648823897;
 0.68497316445625, 0.08161104035760897, -0.7239830122775948]
第13幅图像的平移向量：
[-15.11386404249554;
 -30.2149751655426;
 120.0111662885309]
第14幅图像的旋转向量：
[1.702563279044219;
 2.108003961273237;
 -0.3082970511364174]
第14幅图像的旋转矩阵：
[-0.1688476304056796, 0.9697887633631241, 0.1760688279083197;
 0.8787495072218448, 0.229021934642504, -0.4187460531276322;
 -0.4464188406236369, 0.08401611694923222, -0.8908712088899388]
第14幅图像的平移向量：
[-17.66118744797506;
 -45.49033179853452;
 188.1758801141789]
第15幅图像的旋转向量：
[-2.050590798677449;
 -2.159061308281662;
 -0.4401004784246961]
第15幅图像的旋转矩阵：
[-0.06714453778405349, 0.9922826590309021, 0.1042436359320225;
 0.9539154217975271, 0.03321784237133318, 0.2982313581852837;
 0.2924670564398862, 0.1194642186378644, -0.9487841279040418]
第15幅图像的平移向量：
[-16.28101868542281;
 -48.87167483054417;
 144.2965512376005]
第16幅图像的旋转向量：
[2.05479037981025;
 1.917428807617234;
 -0.3170045403019953]
第16幅图像的旋转矩阵：
[0.07863397786012682, 0.9956462589437552, 0.05005221850425318;
 0.9265560193109602, -0.05446685656484529, -0.3721925638894091;
 -0.3678459468371514, 0.07564316616356684, -0.9268049799220063]
第16幅图像的平移向量：
[-27.11292549208235;
 -44.77960790400954;
 198.7712583522792]
第17幅图像的旋转向量：
[1.121200048886538;
 2.518213264901948;
 -0.01211166930452531]
第17幅图像的旋转矩阵：
[-0.608026533615695, 0.7175855226170683, 0.339668591644372;
 0.7142850406264162, 0.6812024011059219, -0.1604997491114729;
 -0.3465553565544777, 0.1450320876837802, -0.9267497388105826]
第17幅图像的平移向量：
[13.76924858779477;
 -56.38449516118951;
 176.3237539575319]
第18幅图像的旋转向量：
[1.23657483480171;
 2.483905882562932;
 0.2553278158191378]
第18幅图像的旋转矩阵：
[-0.5559823232627127, 0.7346565849659845, 0.3887973230174223;
 0.7983890369891631, 0.6021290701112147, 0.003940627173498024;
 -0.2312111628683038, 0.3126024393588779, -0.9213148826931896]
第18幅图像的平移向量：
[12.72135975407194;
 -56.25056235652682;
 164.6073411039301]
第19幅图像的旋转向量：
[2.086054782603325;
 1.902258698097921;
 0.1263876388749695]
第19幅图像的旋转矩阵：
[0.1122665980426442, 0.9553456709598438, 0.2733328738776546;
 0.9831095104461323, -0.06677585613112924, -0.1704015126350748;
 -0.1445403107589654, 0.2878465459515557, -0.9467061130833901]
第19幅图像的平移向量：
[-25.77760704032508;
 -35.96481680314587;
 165.5141926864947]
第20幅图像的旋转向量：
[2.293885669533639;
 1.623542701423707;
 0.03826211411565564]
第20幅图像的旋转矩阵：
[0.3503797587641405, 0.9129071470671326, 0.2093670592097324;
 0.9217564924908739, -0.2964486659536286, -0.2499663117406735;
 -0.1661294471167122, 0.2805685821471512, -0.945347701913234]
第20幅图像的平移向量：
[-27.84555612209597;
 -22.62976881952017;
 194.9868635928329]
第21幅图像的旋转向量：
[1.673706499254445;
 1.83371332741936;
 -0.3079602147657551]
第21幅图像的旋转矩阵：
[0.004457084417631596, 0.9572482971411901, 0.2892331793186694;
 0.8102464221835753, 0.1660579393805729, -0.562072500757147;
 -0.5860724099778194, 0.2368553533044364, -0.7748668736459324]
第21幅图像的平移向量：
[-38.57973053618895;
 -0.1981025446867166;
 202.0545809344087]
第22幅图像的旋转向量：
[2.764773906001982;
 1.448096950004503;
 -0.1725024925305136]
第22幅图像的旋转矩阵：
[0.5646973285829732, 0.8203421145265187, -0.09030914807157603;
 0.8186007135555736, -0.5706635582219921, -0.0650843689661393;
 -0.1049275886388292, -0.03717416376430067, -0.9937848271587092]
第22幅图像的平移向量：
[-65.60685296573104;
 -20.95053653603276;
 169.737264302665]
第23幅图像的旋转向量：
[2.097267594997434;
 1.726838496814662;
 -0.752731639261061]
第23幅图像的旋转矩阵：
[0.1299760333091851, 0.9725733081970818, -0.1928921744078638;
 0.8033027633528613, -0.2173298322273856, -0.5545019516770643;
 -0.5812150214463374, -0.08287885258979277, -0.8095184955506161]
第23幅图像的平移向量：
[-30.23651611734448;
 -9.527221806273914;
 195.8717898380952]
第24幅图像的旋转向量：
[1.999678413507971;
 1.816421348236585;
 -0.3423969443046713]
第24幅图像的旋转矩阵：
[0.1182578257008601, 0.9884886760962691, 0.09436749382043921;
 0.8862960614657988, -0.06222052135791134, -0.4589203614486539;
 -0.447765985857254, 0.1379084622182239, -0.8834516839974251]
第24幅图像的平移向量：
[-44.06668029119808;
 -19.60900902735069;
 196.3804014298899]
第25幅图像的旋转向量：
[-2.25161186310042;
 -2.02235405815645;
 -0.4498636358340958]
第25幅图像的旋转矩阵：
[0.0845788429923171, 0.9831610857018278, 0.1619898110366339;
 0.9591208773651709, -0.1243925065004035, 0.2541921456867072;
 0.2700621445525938, 0.1338685321057584, -0.9534912973863493]
第25幅图像的平移向量：
[-40.08068370220516;
 -24.57402078644629;
 144.7590585537667]
每幅图像的标定误差：
第1幅图像的平均误差：0.0660335像素
第2幅图像的平均误差：0.0693387像素
第3幅图像的平均误差：0.06799像素
第4幅图像的平均误差：0.0614053像素
第5幅图像的平均误差：0.0541828像素
第6幅图像的平均误差：0.0724647像素
第7幅图像的平均误差：0.125408像素
第8幅图像的平均误差：0.107119像素
第9幅图像的平均误差：0.0701232像素
第10幅图像的平均误差：0.0668867像素
第11幅图像的平均误差：0.0602695像素
第12幅图像的平均误差：0.0693605像素
第13幅图像的平均误差：0.0829748像素
第14幅图像的平均误差：0.06199像素
第15幅图像的平均误差：0.0835267像素
第16幅图像的平均误差：0.0856442像素
第17幅图像的平均误差：0.167156像素
第18幅图像的平均误差：0.0630775像素
第19幅图像的平均误差：0.137125像素
第20幅图像的平均误差：0.0663992像素
第21幅图像的平均误差：0.0938664像素
第22幅图像的平均误差：0.0681018像素
第23幅图像的平均误差：0.052372像素
第24幅图像的平均误差：0.0541525像素
第25幅图像的平均误差：0.0520446像素
总体平均误差：0.0783606像素
